42[10,[2,374,172,374,172,374,172,374,172,374,173,375,172,375,173,377,173,379,172,381,173,383,173,386,173,389,173,392,173,396,172,400,173]]
42[10,[2,400,173,404,173,406,173,409,173,412,173,414,173,418,173,421,172,424,172,428,172,432,171,436,171,440,171,443,171,447,171,450,170]]
42[10,[2,450,170,453,170,456,170,458,170,459,169,460,169,461,169,461,170,462,169]]
42[10,[2,377,176,377,175,376,175,376,175,376,175,376,174,375,174,375,175,375,176,374,180,373,183,373,187,373,191,373,195,373,200,373,205]]
42[10,[2,373,205,373,211,373,217,373,223,374,229,374,235,374,240,374,245,374,250,374,254,375,258,375,262,375,266,375,270,375,273,375,276]]
42[10,[2,375,276,375,280,375,283,375,286,376,290,376,293,376,295,377,298,377,300,377,302,378,302,378,303,378,304,378,304,378,304,378,304]]
42[10,[2,465,173,465,172,465,172,465,172,464,172,464,172,464,172,464,172,464,172,464,173,464,174,464,178,464,182,464,186,463,191,462,196]]
42[10,[2,462,196,462,201,461,206,460,211,459,216,459,222,459,227,459,233,458,238,458,243,459,246,459,250,459,254,458,257,458,260,458,263]]
42[10,[2,458,263,458,266,458,269,458,272,458,275,458,278,458,281,458,284,458,286,458,288,458,290,458,292,458,294,458,295,458,295,458,295]]
42[10,[2,458,295,458,295,458,296,458,296,458,296,458,296,457,296,455,296,453,296,450,296,447,297,442,298,438,299,434,300,430,300,426,302]]
42[10,[2,426,302,422,303,419,304,416,304,413,305,410,306,407,306,404,307,401,308,398,308,395,308,392,308,390,308,388,308,386,307,384,308]]
42[10,[2,384,308,383,308,382,308,381,308,381,308,382,308,383,308,383,308]]
42[10,[2,397,179,397,179,397,178,397,178,397,178,396,178,396,178,396,177,396,177,395,177,395,177,395,176,394,173,394,168,394,163,394,157]]
42[10,[2,394,157,394,152,394,147,394,143,395,139,395,135,396,132,397,129,398,125,400,121,402,118,405,115,408,112,410,109,413,107,416,105]]
42[10,[2,416,105,418,104,420,104,422,103,423,104,424,104,425,105,426,107,427,109,428,112,428,116,428,119,429,123,429,126,430,130,430,133]]
42[10,[2,430,133,430,136,431,140,431,143,431,146,431,149,432,152,432,155,432,158,432,161,432,163,432,166,432,167,432,168,432,169,432,170]]
42[10,[2,432,170,432,170,432,171,432,172,432,173,432,173,432,173,432,173,432,173]]
42[10,[2,415,119,415,119,415,119,414,120,414,120,414,120,414,121,414,122,415,122,415,122,417,123,417,123,417,123,417,123,416,122,415,122]]
42[10,[2,415,122,415,122,414,122,414,123,414,124,414,125,415,126,415,126,416,126,416,126,416,126,416,125,416,124,415,123,415,122,415,122]]
42[10,[2,415,122,414,121,414,121,414,122,414,124,415,126,416,127,416,127,417,127,417,127,417,126,417,125,416,124,415,123,415,122,415,123]]
42[10,[2,419,130,419,130,419,129,419,128,417,125,416,122,414,120,412,119,411,119,411,120,411,123,413,125,414,127,416,129,418,129,420,129]]
42[10,[2,420,129,422,128,423,126,424,124,423,122,421,120,419,119,418,119,417,119,416,120,415,122,415,125,415,127,416,129,417,130,419,130]]
42[10,[2,419,130,420,129,421,128,422,126,422,123,420,121,419,120,418,119,417,120,418,121,417,123,418,126,418,128,418,129,418,130,419,130]]
42[10,[2,419,130,419,130,419,129,419,128,418,125,417,123,415,122,413,121,412,122,412,122,412,124,413,126,415,128,417,129,420,128,423,127]]
42[10,[2,423,127,424,126,425,124,425,123,424,121,422,119,420,118,417,117,415,117,414,117,413,119,413,121,414,124,415,126,416,128,418,129]]
42[10,[2,418,129,420,129,422,128,424,127,425,124,425,120,423,116,421,114,419,113,419,113,419,113,419,114,418,117,419,120,420,122,422,124]]
42[10,[2,422,124,423,125,425,125,426,124,426,123,426,121,424,119,422,118,421,117,422,117,423,117]]
42[10,[2,282,133,283,134,283,135,286,139,290,145,294,152,298,156,301,157,302,156,303,151,303,146,303,142,303,140,303,139,303,139,304,141]]
42[10,[2,304,141,306,144,310,146,313,149,315,149,318,148,320,146,321,143,322,139,321,136,320,132,319,128,317,125,315,122,314,120,314,119]]
42[10,[2,345,99,345,99,340,99,336,100,332,103,329,107,327,112,328,118,330,123,333,126,337,126,341,123,344,118,346,113,346,110,347,109]]
42[10,[2,347,109,347,109,347,111,348,115,350,118,352,120,353,120]]
42[10,[2,353,77,353,78,353,79,354,83,357,90,361,99,366,107,367,110]]
42[10,[2,364,73,364,73,364,74,365,78,367,86,371,95,373,101]]
42[10,[2,383,72,386,72,391,71,399,69,409,68,420,67,431,66,441,65,450,64,458,63,466,62,470,62,473,62,475,62,476,63,476,64]]
42[10,[2,476,64,476,67,476,70,477,76,477,83,479,94,480,107,482,121,483,135,489,173,491,185,494,196,497,205,499,213,502,219,504,226]]
42[10,[2,504,226,505,233,506,241,506,250,507,258,507,267,507,275,505,283,502,291,499,299,495,307,492,316,488,325,486,333,485,340,484,345]]
42[10,[2,484,345,484,349,483,352,483,354,482,355,480,357,478,358,475,359,470,361,463,362,453,363,442,363,430,364,417,365,403,366,390,369]]
42[10,[2,390,369,379,373,362,381,352,385,350,385,349,384,348,384,348,383,347,377,346,369,345,360,344,352,343,343,341,335,333,296,330,287]]
42[10,[2,330,287,328,279,325,271,322,263,319,255,316,247,314,240,312,233,311,226,310,218,309,209,308,201,307,192,306,184,304,176,303,169]]
42[10,[2,303,169,301,161,299,153,297,143,295,135,293,130,293,126,292,123,292,121,291,118,291,115,292,112,293,108,294,105,296,103,298,101]]
42[10,[2,298,101,300,101,304,100,309,98,316,95,324,91,333,88,342,84,352,81,361,79,369,77,375,75,381,73,388,71,391,71]]
42[10,[2,394,196,393,196,393,196,391,200,391,203,392,207,393,210,396,211,398,211,401,208,403,205,405,200,405,197,405,196,405,196,405,196]]
42[10,[2,405,196,406,198,409,200,413,200,417,198,421,196,423,193,424,192,424,192,423,192,421,194,420,196,420,198,422,200,422,200]]
42[10,[2,465,189,465,189,462,190,458,193,452,196,446,200,441,204,439,206,438,207,438,206,439,204,442,201,443,197,442,194,439,193,435,194]]
42[10,[2,435,194,431,197,426,203,423,211,422,219,422,225,424,228,426,228,429,226,429,223,427,220,424,218,421,218,416,221,410,225,406,230]]
42[10,[2,406,230,403,235,403,240,405,242,409,242,413,240,415,236,416,231,414,226,411,222,406,220,401,219,395,222,389,225,386,230,385,234]]
42[10,[2,385,234,388,238,394,240,402,240,411,238,416,235,419,232,420,229,417,227,411,228,404,230,397,235,393,241,390,248,391,255,396,261]]
42[10,[2,396,261,401,263,409,262,416,259,423,255,427,252,429,250,429,250,426,252,420,256,415,262,410,268,407,273,406,276,407,278,411,278]]
42[10,[2,411,278,417,276,424,274,431,270,436,267,439,266,441,265,441,265,442,265,441,266,443,269,445,271,448,273,450,274,453,274,454,275]]
42[10,[2,454,275,453,278,451,280,446,282,439,282,430,281,422,280,416,280,413,282,413,286,416,290,420,293,426,295,430,295,434,294,436,292]]
42[10,[2,436,292,436,288,433,283,428,279,422,278,414,279,406,281,399,284,393,289,391,293,389,296,389,296,391,295,393,292,395,288,396,284]]
42[10,[2,396,284,396,282,394,281,391,280,388,279,386,279,385,278]]
42[10,[2,387,248,387,248,387,248,387,247,392,244,398,238,398,237]]
42[10,[2,387,208,387,208,387,208,390,209,393,210]]
42[10,[2,432,200,432,200,432,200]]
42[10,[2,442,225,442,226,442,228,442,228]]
42[10,[2,429,258,429,258]]
42[10,[2,434,259,434,259,434,259,434,259]]
42[10,[2,440,272,440,272,440,272]]
42[10,[2,440,277,440,277,440,277]]
42[10,[2,448,261]]
42[10,[2,294,397,294,397,294,397,294,397,294,398,294,400,294,405,295,409,295,413,295,417,295,421,295,424,295,426,295,427,295,427,295,427]]
42[10,[2,295,427,295,428,295,427,295,426,295,424,295,421,295,417,296,414,296,410,296,407,296,405,296,403,296,402,296,401,296,401,296,400]]
42[10,[2,296,400,296,400,296,400,296,400,296,399,297,398,300,397,302,396,305,395,307,395,308,394,310,394,311,394,313,395,314,395,315,396]]
42[10,[2,315,396,316,397,316,398,316,399,316,400,315,402,314,404,312,406,309,408,307,409,306,410,304,410,303,410,302,410,302,410,301,410]]
42[10,[2,301,410,301,410,301,410,301,410]]
42[10,[2,311,426,311,426,311,426,312,427,313,427,316,427,321,428,325,428,328,428,330,427,331,427,331,428,331,427,332,427]]
42[10,[2,354,426,354,426,354,426,354,426,354,426,355,426,357,426,360,426,364,426,368,425,370,425,372,425,372,425,373,425,373,425,373,425]]
42[10,[2,373,425,373,425]]
42[10,[2,394,423,394,423,395,423,396,423,398,423,402,423,405,423,407,423,408,423,408,423,408,423,408,422,409,422,408,423]]
42[10,[2,426,426,426,426,427,427,427,427,428,427,432,427,435,427,438,427,439,427,441,427,441,427,441,427,442,427,442,427,443,427,444,427]]
42[10,[2,463,424,463,424,463,424,464,424,468,424,472,424,475,424,478,423,480,423,480,424,481,423,481,423,481,423,480,423,480,423]]
42[10,[2,393,241,393,241,392,240,392,240,391,240,391,240,391,240,390,240,390,240,389,240,387,240,384,240,381,240,377,240,372,242,367,243]]
42[10,[2,367,243,362,245,357,246,353,249,349,251,345,255,341,258,338,261,335,264,331,268,328,271,325,275,322,279,320,283,317,287,315,290]]
42[10,[2,315,290,314,293,312,296,311,299,310,302,309,305,308,307,307,310,306,312,305,314,305,317,304,319,303,322,302,326,301,329,301,333]]
42[10,[2,301,333,301,336,301,340,300,343,300,346,300,348,300,350,301,351,301,353,301,354,302,355,303,358,303,361,303,364,303,367,303,369]]
42[10,[2,303,369,304,369,304,370,304,369,304,369]]
42[10,[2,289,342,289,342,289,343,290,345,291,349,294,353,297,357,299,361,302,365,304,368,306,370,307,372,308,373,309,373,309,373,309,372]]
42[10,[2,309,372,310,368,311,363,312,358,313,354,313,352,314,351,314,350,314,350,315,350,315,350]]
