# THIS IS PROBABLY A DRAWING OF A KNIFE. IDK.
42[10,[2,344,406,343,404,342,402,342,399,341,396,341,393,341,389,341,385,341,382,341,379,341,376,341,373,341,370,341,366,341,364,341,362]]
42[10,[2,341,362,340,359,340,357,340,354,341,351,341,348,341,346,340,343,340,341,340,339,340,337,341,335,341,333,341,332,342,331,341,330]]
42[10,[2,341,330,341,328,341,327,341,326,341,324,341,323,341,323,341,322,341,321,342,320,342,319,342,319,343,318,344,317,344,316,345,315]]
42[10,[2,345,315,346,315,347,314,348,313,349,312,350,311,351,310,351,310,352,309,353,309,354,309,358,309,360,309,363,309,364,309,365,309]]
42[10,[2,365,309,366,309,368,310,370,311,371,312,374,314,375,315,376,317,377,321,379,329,379,333,379,334,379,338,379,346,378,350,377,354]]
42[10,[2,377,354,376,361,375,365,375,368,375,371,374,373,373,379,372,382,372,384,371,386,370,389,370,392,369,394,369,395,369,397,368,398]]
42[10,[2,368,398,367,400,366,402,365,403,364,404,362,405,359,406,357,406,355,406,353,405,351,405,349,405,349,404]]
42[10,[2,354,307,353,305,353,304,353,303,353,302,353,301,352,299,353,296,353,293,353,289,353,285,352,281,352,278,352,273,352,271,352,267]]
42[10,[2,352,267,352,263,351,258,351,256,351,254,351,252,351,250,351,248,351,243,351,242,351,240,351,237,351,234,352,232,352,229,352,226]]
42[10,[2,352,226,352,224,353,221,353,218,353,216,354,213,354,210,353,207,353,203,353,201,354,199,354,197,354,195,355,193,356,191,357,190]]
42[10,[2,357,190,358,188,358,187,359,187,359,186,360,186,362,185,363,184,365,183,366,183,367,183,368,182,370,182,370,182,370,182,370,183]]
42[10,[2,370,183,370,183,371,183,371,184,371,184,371,185,371,185,371,185,372,186,372,186,372,187,372,187,372,187,372,188,372,188,373,188]]
42[10,[2,373,188,373,189,373,189,373,189,373,190,373,191,374,194,376,199,377,203,378,206,380,212,381,216,382,220,382,225,383,230,384,233]]
42[10,[2,384,233,384,236,384,239,384,243,384,248,384,253,384,256,384,259,384,262,384,267,383,272,382,276,381,278,381,280,380,282,379,284]]
42[10,[2,379,284,378,287,378,290,378,293,376,296,373,301,373,302,371,304,370,307,369,309,367,310,366,311,366,312,365,313,365,313,364,313]]
42[10,[2,352,386,354,385,355,385,356,385,357,385,359,386,360,387,360,387,360,388,360,389,360,390,359,390,358,391,357,391,356,391,355,390]]
42[10,[2,355,390,355,388]]
42[10,[5,"x0017F6"]]
42[10,[2,376,208,377,209,378,211,379,215,380,221,381,229,381,240,380,248,380,256,379,263,378,269,377,275,376,279,375,283,374,286,373,288]]
42[10,[2,373,288,373,289,373,290,373,289,373,289,373,287,374,286,375,279,376,270,377,262,377,255,377,246,377,237,376,230,376,224,374,218]]
42[10,[2,374,218,374,215,373,213,373,211,373,210,373,210,373,210,373,211,374,212,375,215,376,225,378,234,379,241,380,251,380,264,379,276]]
42[10,[2,379,276,377,286,373,294,372,302]]
42[10,[2,475,214,473,214,470,215,465,218,458,222,448,229,436,236,427,240,421,242,416,245,412,246,410,247,409,247,411,247,412,247,414,248]]
42[10,[2,414,248,419,248,424,249,430,249,435,250,439,251,442,252,443,252,444,252,443,252,441,253,438,253,431,253,425,252,420,252,415,250]]
42[10,[2,415,250,411,247,407,245,405,243,404,241,404,240,405,238,408,234,412,230,416,225]]
42[10,[5,"x000000"]]
42[10,[2,445,351,445,353,446,354,446,356,446,359,446,364,446,368,446,372,446,376,445,381,445,385,445,388,446,393,446,397,446,400,446,404]]
42[10,[2,446,404,445,406,445,408,445,409,445,411,445,412,445,413,444,415,444,416,444,417,444,418,444,419,444,420,444,420,444,421,444,421]]
42[10,[2,444,421,444,421,444,422,443,422,443,422,443,423,443,423,443,423,443,424,443,424,443,424,443,425,443,425,443,425,443,426,443,426]]
42[10,[2,443,426,443,426,443,427,443,427,443,427,443,428,443,428,443,429,443,429,444,431,444,432,445,432,447,434,448,434,451,434,453,434]]
42[10,[2,453,434,455,434,458,434,460,433,462,431,463,430,463,429,464,428,463,426,463,425,463,423,463,420,463,418,462,415,462,412,461,410]]
42[10,[2,461,410,461,406,460,403,460,401,459,398,458,395,457,393,457,391,457,390,456,388,456,387,456,385,454,381,454,378,453,377,453,375]]
42[10,[2,453,375,453,372,452,370,452,368,452,367,451,365,450,363,450,360,450,359,450,357,449,356,449,355,449,354,448,352,448,351,448,351]]
42[10,[2,448,351,448,350]]
42[10,[2,451,428,450,426,450,424,450,421,451,419,451,417,451,415,452,414,452,414,453,413,453,413,454,413,455,414,455,415,456,416,456,418]]
42[10,[2,456,418,457,420,457,423,457,425,456,426,456,427,455,428,455,428,455,429,454,429,454,429,454,429,454,429,453,429,453,429,453,429]]
42[10,[2,453,429,452,428,452,427,452,425]]
42[10,[2,449,424,451,423,452,423,454,423,455,423,458,423,459,424,460,424,462,425,465,426,466,427,468,428,469,429,469,431,471,433,472,433]]
42[10,[2,472,433,473,435,475,437,478,439,480,440,483,442,485,444,487,446,489,447,491,448,493,449,495,449,497,449,499,448,500,446,501,444]]
42[10,[2,448,425,446,425,444,425,442,425,438,425,435,426,430,426,426,426,423,426,421,427,419,427,417,429,415,430,414,432,412,434,409,437]]
42[10,[2,409,437,407,440,404,442,402,444,399,446,396,447,393,448,391,449,388,450,386,451,383,451,381,452,379,452,378,452]]
42[10,[5,"x0017F6"]]
42[10,[2,451,353,451,352]]
42[10,[2,456,346]]
# 42[29]
# 42[27,"a0afcb9e7-da5b-4586-bca4-1120b529f3eb",10,11,10000]
42[10,[2,443,352,443,351,444,350,445,349,448,348,451,347,453,347,453,347,454,347,453,348,451,349,448,350,445,351,443,351,439,350,439,350]]
42[10,[2,439,350,439,349,439,348,440,347,443,345,447,343,451,343,454,344,455,345,456,345,455,346,455,347,454,347]]
42[10,[2,498,279,497,280,495,284,492,289,490,293,482,304,478,310,474,314,471,318,468,320,466,322,465,324,465,324,464,325,465,325,466,325]]
42[10,[2,466,325,467,325,469,325,476,326,481,326,484,327,487,327,488,327,488,327,488,327,488,328,486,328,484,328,480,329,476,329,473,329]]
42[10,[2,473,329,469,329,467,327,466,326,465,324,465,322,465,318,466,314,467,309,468,305,469,303,470,300,471,300]]
42[10,[2,292,62,294,63,295,65,295,66,299,73,301,78,304,83,305,85,308,93,311,99,313,105,317,113,318,115,319,120,321,122,324,126]]
42[10,[2,324,126,325,128,325,130,325,131,326,132,326,133,326,133]]
